3449 0 0 0 0 0
3548 0 0 0 0 0
3649 0 0 0 0 0
3748 0 0 0 0 0
3848 0 0 0 0 0
3948 0 0 0 0 0
4048 0 0 0 0 0
4151 0 0 0 0 0
4249 0 0 0 0 0
4357 0 0 0 0 0
4464 0 0 0 0 0
4551 0 0 0 0 0
4649 0 0 0 0 0
4748 0 0 0 0 0
4849 0 0 0 0 0
4949 0 0 0 0 0
5047 0 0 0 0 0
5149 0 0 0 0 0
5248 0 0 0 0 0
5348 0 0 0 0 0
5448 0 0 0 0 0
5548 0 0 0 0 0
5650 0 0 0 0 0
5750 0 0 0 0 0
5855 0 0 0 0 0
5948 0 0 0 0 0
6047 0 0 0 0 0
6149 0 0 0 0 0
6255 0 0 0 0 0
6349 0 0 0 0 0
6455 0 0 0 0 0
6566 0 0 0 0 0
6649 0 0 0 0 0
6752 0 0 0 0 0
6848 0 0 0 0 0
6949 0 0 0 0 0
7047 0 0 0 0 0
7149 0 0 0 0 0
7252 0 0 0 0 0
7352 0 0 0 0 0
7458 0 0 0 0 0
7548 0 0 0 0 0
7652 0 0 0 0 0
7748 0 0 0 0 0
7850 0 0 0 0 0
7948 0 0 0 0 0
8049 0 0 0 0 0
8154 0 0 0 0 0
8252 0 0 0 0 0
8350 0 0 0 0 0
8463 0 0 0 0 0
8548 0 0 0 0 0
8648 0 0 0 0 0
8748 0 0 0 0 0
8850 0 0 0 0 0
8949 0 0 0 0 0
9049 0 0 0 0 0
9147 0 0 0 0 0
9247 0 0 0 0 0
9348 0 0 0 0 0
9451 0 0 0 0 0
9549 0 0 0 0 0
9648 0 0 0 0 0
9748 0 0 0 0 0
9848 0 0 0 0 0
9949 0 0 0 0 0
10050 0 0 0 0 0
10162 0 0 0 0 0
10247 0 0 0 0 0
10349 0 0 0 0 0
10451 0 0 0 0 0
10549 0 0 0 0 0
10661 0 0 0 0 0
10749 0 0 0 0 0
10850 0 0 0 0 0
10950 0 0 0 0 0
11047 0 0 0 0 0
11148 0 0 0 0 0
11248 0 0 0 0 0
11349 0 0 0 0 0
11449 0 0 0 0 0
11548 0 0 0 0 0
11649 0 0 0 0 0
11749 0 0 0 0 0
11848 0 0 0 0 0
11955 0 0 0 0 0
12056 0 0 0 0 0
12148 0 0 0 0 0
12247 0 0 0 0 0
12350 0 0 0 0 0
12448 0 0 0 0 0
12548 0 0 0 0 0
12650 0 0 0 0 0
12849 0 0 0 0 0
12948 0 0 0 0 0
13052 0 0 0 0 0
13148 0 0 0 0 0
13247 0 0 0 0 0
13356 0 0 0 0 0
13367 0 0 0 0 0
13383 0 0 0 0 0
13384 0 0 0 0 0
13384 0 0 0 0 0
